-0.997475	0.000000
-0.949495	-0.001470
-0.931818	-0.002532
-0.916667	-0.003648
-0.904040	-0.004737
-0.888889	-0.005962
-0.876263	-0.007051
-0.861111	-0.008167
-0.848485	-0.009392
-0.830808	-0.010590
-0.815657	-0.011679
-0.787879	-0.012931
-0.737374	-0.012877
-0.699495	-0.011760
-0.661616	-0.010590
-0.611111	-0.009691
-0.527778	-0.008929
-0.441919	-0.008085
-0.356061	-0.007378
-0.262626	-0.006779
-0.159091	-0.006370
-0.058081	-0.006125
0.058081	-0.006125
0.166667	-0.006370
0.265152	-0.006779
0.358586	-0.007378
0.446970	-0.008085
0.522727	-0.008875
0.603535	-0.009637
0.664141	-0.010617
0.696970	-0.011543
0.727273	-0.012604
0.785354	-0.013067
0.815657	-0.011788
0.833333	-0.010644
0.851010	-0.009365
0.863636	-0.008221
0.876263	-0.007105
0.888889	-0.005989
0.904040	-0.004791
0.916667	-0.003621
0.952020	-0.001388
1.000000	0.000000

