-1.001260	0.000726
-0.971063	0.032668
-0.938409	0.087840
-0.918339	0.129946
-0.905800	0.157532
-0.872967	0.156080
-0.855153	0.112523
-0.844915	0.068966
-0.834617	0.006534
-0.826839	-0.057350
-0.816518	-0.127042
-0.806211	-0.192377
-0.798493	-0.237387
-0.790743	-0.292559
-0.780514	-0.333212
-0.772828	-0.368058
-0.745069	-0.362250
-0.730087	-0.308530
-0.720146	-0.257713
-0.710242	-0.195281
-0.702850	-0.137205
-0.690439	-0.068966
-0.680494	-0.019601
-0.670553	0.031216
-0.655498	0.061706
-0.622683	0.066062
-0.604910	0.035572
-0.584603	0.002178
-0.556743	-0.023956
-0.508781	-0.018149
-0.468414	-0.006534
-0.354782	-0.005082
-0.261352	-0.003630
-0.165397	-0.002178
-0.064392	-0.000726
0.046710	0.002178
0.155296	0.002178
0.273978	0.003630
0.387606	0.006534
0.475985	0.007985
0.544112	0.025408
0.594745	-0.015245
0.617605	-0.057350
0.655512	-0.066062
0.673051	-0.022505
0.687996	0.042831
0.700375	0.121234
0.707776	0.176407
0.720210	0.237387
0.727630	0.286751
0.737575	0.336116
0.745064	0.363702
0.772824	0.369510
0.785587	0.325953
0.803589	0.222868
0.811367	0.158984
0.821660	0.098004
0.831995	0.023956
0.842302	-0.041379
0.852573	-0.095100
0.865337	-0.138657
0.880575	-0.166243
0.910805	-0.143013
0.933404	-0.102359
0.950957	-0.063158
0.971063	-0.032668
0.998735	0.000726

