-1.001260	0.001815
-0.993511	0.132486
-0.988344	0.219601
-0.983187	0.299456
-0.980598	0.346642
-0.978024	0.382940
-0.972880	0.451906
-0.967718	0.535390
-0.962574	0.604356
-0.952340	0.698730
-0.942112	0.789474
-0.931916	0.854809
-0.919200	0.912886
-0.906503	0.956443
-0.891300	0.981851
-0.863464	1.000000
-0.825583	0.963702
-0.802887	0.916515
-0.780200	0.862069
-0.757535	0.789474
-0.734848	0.735027
-0.712161	0.680581
-0.689474	0.626134
-0.661716	0.582577
-0.631430	0.539020
-0.596091	0.491833
-0.553177	0.437387
-0.510248	0.393829
-0.472372	0.353902
-0.437015	0.321234
-0.399134	0.284936
-0.348616	0.245009
-0.310726	0.215971
-0.265260	0.179673
-0.224841	0.150635
-0.181894	0.121597
-0.149052	0.099819
-0.116210	0.078040
-0.078315	0.052632
-0.042949	0.027223
-0.007578	0.005445
0.035368	-0.023594
0.073268	-0.045372
0.113686	-0.074410
0.154104	-0.103448
0.207160	-0.136116
0.280416	-0.190563
0.323354	-0.226860
0.368825	-0.259528
0.419334	-0.306715
0.472367	-0.357532
0.510253	-0.390200
0.548129	-0.430127
0.575896	-0.466425
0.603667	-0.499093
0.633958	-0.539020
0.659197	-0.575318
0.681902	-0.615245
0.702084	-0.651543
0.719733	-0.691470
0.739901	-0.738657
0.757540	-0.785844
0.775175	-0.836661
0.787771	-0.872958
0.802891	-0.912886
0.815497	-0.941924
0.828112	-0.963702
0.840726	-0.985481
0.865992	-1.000000
0.893837	-0.974592
0.906507	-0.952813
0.919195	-0.916515
0.926831	-0.876588
0.937005	-0.829401
0.944659	-0.774955
0.949771	-0.731397
0.957434	-0.669691
0.962578	-0.600726
0.967718	-0.535390
0.972862	-0.466425
0.977997	-0.404719
0.980585	-0.357532
0.983177	-0.306715
0.988294	-0.259528
0.988354	-0.212341
0.990937	-0.168784
0.993525	-0.121597
1.001260	-0.001815

