-0.997475	-0.000726
-0.957071	-0.010889
-0.916667	-0.017241
-0.868687	-0.019782
-0.808081	-0.021053
-0.760101	-0.026134
-0.719697	-0.028675
-0.684343	-0.033757
-0.613636	-0.040109
-0.553030	-0.043920
-0.505051	-0.046461
-0.446970	-0.050272
-0.376263	-0.051543
-0.303030	-0.055354
-0.255051	-0.056624
-0.199495	-0.057895
-0.143939	-0.059165
-0.020202	-0.060436
0.068182	-0.060436
0.164141	-0.059165
0.237374	-0.057895
0.295455	-0.055354
0.363636	-0.054084
0.431818	-0.050272
0.489899	-0.047731
0.568182	-0.042650
0.636364	-0.037568
0.704545	-0.031216
0.762626	-0.024864
0.803030	-0.021053
0.843434	-0.019782
0.891414	-0.019782
0.929293	-0.015971
0.954545	-0.010889
0.969697	-0.005808
0.997475	0.000544

