-1.000000	0.000000
-0.964646	-0.000382
-0.941919	-0.001582
-0.934343	-0.002618
-0.921717	-0.003873
-0.911616	-0.004964
-0.901515	-0.006164
-0.891414	-0.007145
-0.881313	-0.008455
-0.871212	-0.009436
-0.856061	-0.010691
-0.840909	-0.011782
-0.803030	-0.012164
-0.775253	-0.011291
-0.752525	-0.010091
-0.732323	-0.009109
-0.702020	-0.008018
-0.664141	-0.007309
-0.611111	-0.006709
-0.568182	-0.006218
-0.512626	-0.005727
-0.469697	-0.005291
-0.409091	-0.004909
-0.366162	-0.004582
-0.303030	-0.004255
-0.260101	-0.004036
-0.196970	-0.003818
-0.151515	-0.003709
-0.093434	-0.003600
-0.045455	-0.003545
0.017677	-0.003545
0.065657	-0.003600
0.126263	-0.003655
0.171717	-0.003764
0.237374	-0.003927
0.277778	-0.004145
0.338384	-0.004418
0.383838	-0.004745
0.444444	-0.005127
0.487374	-0.005455
0.545455	-0.006000
0.590909	-0.006436
0.641414	-0.007036
0.681818	-0.007582
0.719697	-0.008618
0.739899	-0.009491
0.765152	-0.010746
0.782828	-0.011673
0.828283	-0.012273
0.851010	-0.011291
0.866162	-0.010091
0.876263	-0.009055
0.888889	-0.007745
0.896465	-0.006764
0.906566	-0.005455
0.914141	-0.004418
0.926768	-0.003055
0.936869	-0.002127
0.954545	-0.000818
1.000000	0.000055

