-1.000000	0.000000
-0.977273	-0.001200
-0.964646	-0.002400
-0.954545	-0.003600
-0.944444	-0.005018
-0.936869	-0.006164
-0.924242	-0.007691
-0.914141	-0.009218
-0.906566	-0.010418
-0.896465	-0.011782
-0.886364	-0.013036
-0.878788	-0.014127
-0.868687	-0.015818
-0.858586	-0.017236
-0.848485	-0.018709
-0.838384	-0.020073
-0.828283	-0.021546
-0.815657	-0.022746
-0.805556	-0.024000
-0.792929	-0.025200
-0.780303	-0.026291
-0.762626	-0.027055
-0.739899	-0.027436
-0.699495	-0.026946
-0.666667	-0.026236
-0.631313	-0.025364
-0.603535	-0.024764
-0.565657	-0.023946
-0.522727	-0.023127
-0.489899	-0.022418
-0.444444	-0.021546
-0.398990	-0.020673
-0.345960	-0.019800
-0.305556	-0.019255
-0.242424	-0.018491
-0.189394	-0.018000
-0.136364	-0.017564
-0.093434	-0.017346
-0.047980	-0.017182
-0.002525	-0.017127
0.050505	-0.017182
0.106061	-0.017400
0.161616	-0.017782
0.212121	-0.018164
0.255051	-0.018655
0.300505	-0.019200
0.348485	-0.019855
0.388889	-0.020564
0.429293	-0.021218
0.459596	-0.021873
0.494949	-0.022473
0.530303	-0.023291
0.568182	-0.024055
0.601010	-0.024818
0.638889	-0.025473
0.666667	-0.026182
0.691919	-0.026727
0.712121	-0.027218
0.742424	-0.027436
0.772727	-0.026673
0.790404	-0.025582
0.803030	-0.024546
0.810606	-0.023509
0.820707	-0.022636
0.828283	-0.021436
0.838384	-0.020127
0.845960	-0.018982
0.856061	-0.017618
0.863636	-0.016364
0.873737	-0.015055
0.883838	-0.013636
0.893939	-0.012055
0.904040	-0.010636
0.914141	-0.009218
0.924242	-0.007636
0.936869	-0.006055
0.946970	-0.004636
0.957071	-0.003327
0.967172	-0.002182
0.974747	-0.001145
0.997475	0.000055

