-1.000000	-0.001089
-0.957071	-0.049002
-0.944444	-0.088203
-0.931818	-0.140472
-0.924242	-0.181851
-0.914141	-0.236298
-0.909091	-0.275499
-0.904040	-0.327768
-0.893939	-0.366969
-0.883838	-0.417060
-0.866162	-0.445372
-0.845960	-0.390926
-0.840909	-0.349546
-0.833333	-0.299456
-0.830808	-0.255898
-0.823232	-0.201452
-0.818182	-0.162250
-0.815657	-0.112160
-0.810606	-0.068603
-0.805556	-0.014156
-0.803030	0.025045
-0.797980	0.075136
-0.792929	0.118693
-0.787879	0.168784
-0.782828	0.210163
-0.775253	0.264610
-0.767677	0.303811
-0.744949	0.340835
-0.729798	0.301633
-0.714646	0.251543
-0.707071	0.210163
-0.694444	0.160073
-0.684343	0.116515
-0.666667	0.066425
-0.641414	0.031579
-0.583333	0.035935
-0.535354	0.033757
-0.474747	0.025045
-0.429293	0.020690
-0.368687	0.016334
-0.320707	0.014156
-0.257576	0.009800
-0.214646	0.007623
-0.146465	0.005445
-0.106061	0.003267
-0.045455	0.001089
0.005051	-0.001089
0.065657	-0.001089
0.113636	-0.003267
0.174242	-0.005445
0.219697	-0.007623
0.282828	-0.011978
0.330808	-0.014156
0.391414	-0.018512
0.439394	-0.020690
0.497475	-0.027223
0.542929	-0.035935
0.606061	-0.029401
0.643939	-0.035935
0.674242	-0.086025
0.684343	-0.127405
0.696970	-0.175318
0.707071	-0.221053
0.719697	-0.271143
0.727273	-0.310345
0.755051	-0.332123
0.767677	-0.292922
0.777778	-0.240653
0.780303	-0.201452
0.790404	-0.147005
0.792929	-0.105626
0.797980	-0.055535
0.800505	-0.011978
0.808081	0.038113
0.810606	0.079492
0.815657	0.133938
0.818182	0.173140
0.823232	0.223230
0.828283	0.266788
0.833333	0.321234
0.838384	0.362613
0.848485	0.412704
0.863636	0.447550
0.886364	0.399637
0.893939	0.358258
0.901515	0.308167
0.909091	0.264610
0.916667	0.212341
0.924242	0.173140
0.934343	0.120871
0.944444	0.081670
0.962121	0.031579
0.979798	0.011978
1.000000	0.001089

