-0.997478	0.005445
-0.979823	-0.179673
-0.959647	-0.451906
-0.939470	-0.626134
-0.909206	-0.593466
-0.896595	-0.386570
-0.889029	-0.092559
-0.881463	0.092559
-0.878941	0.353902
-0.871375	0.560799
-0.866330	0.822142
-0.861286	1.018150
-0.856242	1.279490
-0.851198	1.486390
-0.846154	1.747730
-0.841110	1.954630
-0.833544	2.215970
-0.828499	2.422870
-0.808323	2.695100
-0.793190	2.553540
-0.783102	2.292200
-0.778058	2.096190
-0.770492	1.823960
-0.765448	1.638840
-0.760404	1.366610
-0.755359	1.159710
-0.747793	0.887477
-0.745271	0.691470
-0.737705	0.419238
-0.730139	0.223230
-0.720050	-0.049002
-0.709962	-0.245009
-0.679697	-0.408348
-0.654477	-0.234120
-0.619168	-0.027223
-0.598991	0.027223
-0.573770	0.027223
-0.513241	0.005445
-0.467844	0.005445
-0.404792	0.005445
-0.359395	0.005445
-0.296343	0.005445
-0.250946	-0.005445
-0.187894	-0.005445
-0.145019	-0.005445
-0.079445	-0.005445
-0.031526	0.005445
0.074401	-0.005445
0.142497	-0.005445
0.185372	-0.005445
0.250946	-0.005445
0.293821	-0.005445
0.356873	-0.005445
0.402270	-0.005445
0.465322	-0.005445
0.510719	-0.005445
0.573770	-0.038113
0.593947	-0.038113
0.616646	0.005445
0.651955	0.212341
0.679697	0.397459
0.709962	0.245009
0.722573	0.049002
0.730139	-0.212341
0.737705	-0.408348
0.742749	-0.680581
0.747793	-0.887477
0.755359	-1.148820
0.760404	-1.333940
0.765448	-1.638840
0.770492	-1.823960
0.778058	-2.074410
0.783102	-2.281310
0.793190	-2.542650
0.808323	-2.705990
0.828499	-2.433760
0.833544	-2.226860
0.841110	-1.965520
0.846154	-1.747730
0.851198	-1.497280
0.858764	-1.290380
0.861286	-1.029040
0.866330	-0.822142
0.871375	-0.560799
0.876419	-0.353902
0.883985	-0.092559
0.889029	0.114338
0.896595	0.375681
0.906683	0.571688
0.939470	0.647913
0.957125	0.462795
0.977301	0.201452
0.997478	0.005445

