-0.997475	-0.005445
-0.987374	0.070780
-0.974747	0.103448
-0.959596	0.038113
-0.946970	-0.114338
-0.939394	-0.277677
-0.931818	-0.451906
-0.924242	-0.647913
-0.916667	-0.887477
-0.909091	-1.127040
-0.904040	-1.301270
-0.898990	-1.453720
-0.893939	-1.584390
-0.888889	-1.704170
-0.883838	-1.823960
-0.878788	-1.911070
-0.868687	-1.987300
-0.856061	-1.911070
-0.848485	-1.758620
-0.843434	-1.627950
-0.838384	-1.431940
-0.833333	-1.257710
-0.828283	-0.974592
-0.823232	-0.778584
-0.820707	-0.571688
-0.815657	-0.332123
-0.810606	-0.092559
-0.805556	0.136116
-0.803030	0.343013
-0.800505	0.484574
-0.795455	0.669691
-0.792929	0.833031
-0.787879	1.039930
-0.785354	1.148820
-0.780303	1.312160
-0.775253	1.486390
-0.767677	1.595280
-0.765152	1.682400
-0.752525	1.747730
-0.739899	1.660620
-0.729798	1.529950
-0.724747	1.410160
-0.717172	1.279490
-0.712121	1.137930
-0.704545	1.007260
-0.696970	0.800363
-0.689394	0.637024
-0.681818	0.484574
-0.671717	0.321234
-0.659091	0.212341
-0.643939	0.136116
-0.618687	0.103448
-0.590909	0.136116
-0.570707	0.147005
-0.532828	0.125227
-0.497475	0.092559
-0.459596	0.081670
-0.398990	0.070780
-0.320707	0.038113
-0.257576	0.038113
-0.199495	0.016334
-0.128788	0.005445
-0.073232	0.005445
-0.010101	-0.005445
0.060606	-0.005445
0.136364	-0.016334
0.227273	-0.027223
0.328283	-0.049002
0.429293	-0.070780
0.484848	-0.092559
0.520202	-0.114338
0.563131	-0.147005
0.598485	-0.125227
0.626263	-0.103448
0.659091	-0.234120
0.676768	-0.462795
0.684343	-0.615245
0.694444	-0.822142
0.704545	-1.007260
0.709596	-1.181490
0.719697	-1.355720
0.727273	-1.529950
0.734848	-1.660620
0.747475	-1.758620
0.760101	-1.671510
0.770202	-1.497280
0.777778	-1.323050
0.780303	-1.170600
0.785354	-0.974592
0.790404	-0.756806
0.795455	-0.506352
0.800505	-0.255898
0.805556	0.027223
0.810606	0.255898
0.815657	0.462795
0.820707	0.756806
0.828283	1.083480
0.833333	1.312160
0.838384	1.508170
0.845960	1.736840
0.851010	1.856620
0.863636	1.987300
0.878788	1.900180
0.883838	1.758620
0.893939	1.540830
0.896465	1.399270
0.904040	1.192380
0.911616	0.996370
0.914141	0.843920
0.921717	0.669691
0.926768	0.506352
0.931818	0.353902
0.939394	0.201452
0.946970	0.070780
0.957071	-0.027223
0.972222	-0.103448
0.984848	-0.070780
1.000000	0.005445

