-0.998738	-0.001815
-0.996311	-0.081670
-0.991327	-0.139746
-0.981328	-0.230490
-0.968732	-0.266788
-0.953524	-0.237750
-0.935733	-0.165154
-0.917947	-0.096189
-0.892571	-0.023594
-0.869787	-0.001815
-0.847041	-0.009074
-0.801597	-0.063521
-0.761188	-0.099819
-0.697972	-0.096189
-0.654966	-0.078040
-0.591736	-0.063521
-0.548744	-0.056261
-0.490580	-0.049002
-0.437474	-0.041742
-0.374253	-0.034483
-0.331265	-0.030853
-0.268045	-0.023594
-0.220000	-0.019964
-0.159308	-0.012704
-0.111263	-0.009074
-0.053104	-0.005445
-0.000002	-0.001815
0.055633	0.005445
0.108735	0.009074
0.164365	0.012704
0.214943	0.019964
0.275630	0.023594
0.321147	0.027223
0.381839	0.034483
0.429888	0.041742
0.490580	0.049002
0.538630	0.056261
0.596793	0.063521
0.647376	0.074410
0.705553	0.092559
0.746022	0.103448
0.806650	0.059891
0.841988	0.012704
0.892566	0.019964
0.917929	0.081670
0.935733	0.165154
0.953515	0.230490
0.983861	0.234120
0.991350	0.157895
0.996301	0.074410
1.001260	-0.001815

