-1.000000	-0.001815
-0.974747	-0.056261
-0.949495	0.001815
-0.936869	0.085300
-0.929293	0.154265
-0.921717	0.237750
-0.914141	0.310345
-0.906566	0.393829
-0.901515	0.462795
-0.893939	0.546279
-0.886364	0.618875
-0.873737	0.698730
-0.861111	0.705989
-0.851010	0.658802
-0.843434	0.571688
-0.838384	0.502722
-0.830808	0.415608
-0.828283	0.350272
-0.820707	0.259528
-0.818182	0.194192
-0.813131	0.103448
-0.810606	0.034483
-0.805556	-0.052632
-0.803030	-0.121597
-0.797980	-0.208711
-0.792929	-0.277677
-0.787879	-0.361162
-0.782828	-0.430127
-0.775253	-0.520871
-0.767677	-0.586207
-0.747475	-0.651543
-0.729798	-0.586207
-0.719697	-0.502722
-0.709596	-0.430127
-0.702020	-0.343013
-0.694444	-0.274047
-0.681818	-0.194192
-0.671717	-0.125227
-0.643939	-0.045372
-0.601010	-0.041742
-0.542929	-0.045372
-0.494949	-0.030853
-0.436869	-0.023594
-0.388889	-0.016334
-0.323232	-0.012704
-0.277778	-0.009074
-0.219697	-0.005445
-0.169192	-0.005445
-0.108586	-0.001815
-0.060606	-0.001815
4.44089e-16	-0.001815
0.065657	0.001815
0.111111	0.005445
0.156566	0.005445
0.222222	0.009074
0.265152	0.009074
0.325758	0.012704
0.373737	0.016334
0.434343	0.023594
0.479798	0.030853
0.542929	0.045372
0.585859	0.045372
0.643939	0.045372
0.666667	0.107078
0.681818	0.190563
0.691919	0.259528
0.702020	0.343013
0.709596	0.415608
0.719697	0.499093
0.729798	0.571688
0.750000	0.655172
0.765152	0.604356
0.775253	0.520871
0.780303	0.451906
0.787879	0.368421
0.792929	0.295826
0.797980	0.208711
0.800505	0.139746
0.805556	0.049002
0.810606	-0.016334
0.813131	-0.103448
0.818182	-0.168784
0.823232	-0.255898
0.825758	-0.328494
0.830808	-0.411978
0.835859	-0.488203
0.840909	-0.571688
0.851010	-0.647913
0.871212	-0.702359
0.883838	-0.640653
0.893939	-0.549909
0.901515	-0.484574
0.906566	-0.397459
0.914141	-0.328494
0.921717	-0.241379
0.926768	-0.172414
0.936869	-0.085300
0.946970	-0.016334
0.974747	0.056261
1.000000	0.001815

