-1.000000	-0.001815
-0.987374	-0.049002
-0.972222	-0.103448
-0.957071	-0.161525
-0.944444	-0.208711
-0.926768	-0.241379
-0.914141	-0.205082
-0.904040	-0.154265
-0.896465	-0.092559
-0.891414	-0.016334
-0.883838	0.049002
-0.878788	0.139746
-0.873737	0.230490
-0.868687	0.292196
-0.863636	0.379310
-0.858586	0.477314
-0.853535	0.564428
-0.848485	0.651543
-0.843434	0.735027
-0.835859	0.822142
-0.830808	0.891107
-0.823232	0.952813
-0.810606	0.996370
-0.795455	0.949183
-0.790404	0.891107
-0.785354	0.840290
-0.780303	0.774955
-0.775253	0.709619
-0.770202	0.633394
-0.765152	0.571688
-0.762626	0.509982
-0.757576	0.433757
-0.752525	0.357532
-0.747475	0.288566
-0.744949	0.237750
-0.739899	0.168784
-0.734848	0.103448
-0.727273	0.023594
-0.722222	-0.027223
-0.712121	-0.085300
-0.707071	-0.128857
-0.691919	-0.154265
-0.669192	-0.125227
-0.651515	-0.078040
-0.636364	-0.038113
-0.618687	-0.009074
-0.593434	0.012704
-0.565657	0.009074
-0.530303	0.001815
-0.482323	0.001815
-0.421717	0.001815
-0.363636	0.001815
-0.313131	0.001815
-0.270202	0.005445
-0.217172	0.001815
-0.143939	0.001815
-0.090909	0.001815
-0.027778	0.001815
0.035354	0.001815
0.103535	0.001815
0.166667	-0.001815
0.229798	0.001815
0.313131	-0.001815
0.396465	-0.001815
0.459596	-0.001815
0.515152	0.001815
0.563131	-0.005445
0.595960	-0.012704
0.628788	0.027223
0.651515	0.081670
0.669192	0.132486
0.691919	0.157895
0.707071	0.128857
0.714646	0.074410
0.722222	0.027223
0.729798	-0.030853
0.734848	-0.107078
0.739899	-0.172414
0.744949	-0.248639
0.750000	-0.332123
0.757576	-0.411978
0.762626	-0.491833
0.767677	-0.586207
0.772727	-0.676951
0.777778	-0.753176
0.782828	-0.825771
0.790404	-0.891107
0.795455	-0.941924
0.803030	-0.974592
0.808081	-0.992740
0.820707	-0.963702
0.828283	-0.901996
0.835859	-0.833031
0.840909	-0.764065
0.845960	-0.687840
0.851010	-0.586207
0.856061	-0.499093
0.861111	-0.433757
0.866162	-0.335753
0.871212	-0.245009
0.878788	-0.147005
0.881313	-0.081670
0.888889	0.009074
0.896465	0.096189
0.904040	0.165154
0.914141	0.212341
0.926768	0.241379
0.946970	0.205082
0.957071	0.161525
0.967172	0.125227
0.977273	0.085300
0.987374	0.045372
1.000000	0.001815

