-1.000000	-0.000726
-0.957071	-0.018512
-0.931818	-0.040109
-0.906566	-0.066788
-0.886364	-0.089655
-0.861111	-0.116334
-0.840909	-0.137931
-0.815657	-0.167151
-0.792929	-0.188748
-0.765152	-0.215426
-0.742424	-0.237024
-0.709596	-0.259891
-0.681818	-0.280218
-0.643939	-0.304356
-0.613636	-0.323412
-0.570707	-0.347550
-0.540404	-0.362795
-0.492424	-0.383122
-0.454545	-0.398367
-0.406566	-0.416152
-0.363636	-0.428857
-0.310606	-0.442831
-0.267677	-0.452995
-0.209596	-0.463158
-0.161616	-0.469510
-0.103535	-0.474592
-0.055556	-0.478403
0.005051	-0.479673
0.050505	-0.478403
0.111111	-0.474592
0.159091	-0.469510
0.217172	-0.461887
0.262626	-0.452995
0.318182	-0.440290
0.358586	-0.428857
0.411616	-0.413612
0.449495	-0.399637
0.497475	-0.380581
0.535354	-0.362795
0.578283	-0.342468
0.608586	-0.324682
0.648990	-0.303085
0.676768	-0.282759
0.712121	-0.258621
0.737374	-0.237024
0.767677	-0.211615
0.790404	-0.190018
0.818182	-0.162069
0.838384	-0.140472
0.863636	-0.111252
0.881313	-0.089655
0.906566	-0.062976
0.929293	-0.041379
0.959596	-0.014701
0.979798	-0.003267
0.997475	0.000544

