-1.000000	-0.001089
-0.984848	0.040290
-0.969697	0.077314
-0.957071	0.120871
-0.944444	0.151361
-0.926768	0.179673
-0.904040	0.142650
-0.898990	0.109982
-0.891414	0.068603
-0.886364	0.025045
-0.881313	-0.011978
-0.876263	-0.057713
-0.871212	-0.101270
-0.868687	-0.133938
-0.863636	-0.173140
-0.858586	-0.225408
-0.853535	-0.277677
-0.848485	-0.323412
-0.843434	-0.375681
-0.838384	-0.421416
-0.828283	-0.478040
-0.823232	-0.508530
-0.810606	-0.536842
-0.795455	-0.510708
-0.785354	-0.456261
-0.777778	-0.408348
-0.772727	-0.349546
-0.762626	-0.288566
-0.757576	-0.236298
-0.750000	-0.184029
-0.744949	-0.133938
-0.737374	-0.079492
-0.729798	-0.038113
-0.719697	0.011978
-0.712121	0.042468
-0.702020	0.064247
-0.689394	0.072958
-0.666667	0.055535
-0.648990	0.031579
-0.623737	0.001089
-0.595960	-0.009800
-0.555556	-0.007623
-0.494949	-0.003267
-0.439394	-0.003267
-0.388889	-0.001089
-0.351010	-0.003267
-0.305556	-0.003267
-0.181818	-0.001089
-0.080808	-0.001089
0.020202	0.001089
0.095960	0.001089
0.169192	0.001089
0.227273	0.001089
0.297980	0.003267
0.404040	0.003267
0.494949	0.005445
0.565657	0.009800
0.613636	0.003267
0.641414	-0.025045
0.661616	-0.053358
0.686869	-0.072958
0.709596	-0.044646
0.719697	-0.003267
0.729798	0.062069
0.739899	0.127405
0.747475	0.181851
0.752525	0.231942
0.760101	0.290744
0.765152	0.343013
0.772727	0.395281
0.780303	0.449728
0.790404	0.499819
0.808081	0.536842
0.825758	0.480218
0.833333	0.443194
0.838384	0.399637
0.843434	0.353902
0.848485	0.299456
0.856061	0.251543
0.858586	0.203630
0.863636	0.144828
0.871212	0.077314
0.878788	0.011978
0.886364	-0.046824
0.891414	-0.088203
0.896465	-0.123049
0.904040	-0.149183
0.911616	-0.168784
0.921717	-0.177495
0.939394	-0.155717
0.952020	-0.125227
0.959596	-0.101270
0.967172	-0.075136
0.977273	-0.049002
0.984848	-0.027223
0.997475	0.001089

