-1.000000	0.000000
-0.987358	-0.185432
-0.974716	-0.243590
-0.941846	-0.181712
-0.926675	-0.123503
-0.901391	-0.036184
-0.881163	-0.003420
-0.815424	-0.043301
-0.780025	-0.083236
-0.719343	-0.097672
-0.676359	-0.083048
-0.610619	-0.068383
-0.565107	-0.061028
-0.499368	-0.049999
-0.458913	-0.046289
-0.393173	-0.038897
-0.350190	-0.035182
-0.284450	-0.027790
-0.241466	-0.020439
-0.180784	-0.013056
-0.137800	-0.009341
-0.067004	-0.005576
-0.024020	-0.001862
0.041719	0.005530
0.084703	0.009245
0.152971	0.020278
0.190898	0.020347
0.261694	0.027749
0.299621	0.031454
0.365360	0.038846
0.408344	0.042561
0.474083	0.053589
0.519595	0.057308
0.582807	0.068332
0.625790	0.075683
0.691530	0.090348
0.731985	0.101331
0.795196	0.068719
0.828066	0.028778
0.881163	0.010693
0.906448	0.054375
0.934260	0.152608
0.946903	0.207176
0.982301	0.229059
0.989886	0.174527
1.000000	0.003636

