-1.000000	0.001815
-0.989886	0.215971
-0.979772	0.382940
-0.967130	0.568058
-0.951960	0.720508
-0.936789	0.814882
-0.924147	0.891107
-0.908976	0.938294
-0.893805	0.967332
-0.883692	0.985481
-0.833123	0.985481
-0.805310	0.938294
-0.772440	0.851180
-0.737042	0.760436
-0.704172	0.684211
-0.651075	0.593466
-0.590392	0.509982
-0.527181	0.433757
-0.458913	0.364791
-0.395702	0.303085
-0.335019	0.252269
-0.271808	0.201452
-0.213654	0.154265
-0.147914	0.103448
-0.092288	0.067151
-0.039191	0.027223
0.039191	-0.027223
0.112516	-0.078040
0.185841	-0.132486
0.259166	-0.186933
0.322377	-0.237750
0.413401	-0.317604
0.479140	-0.382940
0.544880	-0.451906
0.600506	-0.520871
0.646018	-0.582577
0.696587	-0.666062
0.731985	-0.738657
0.764855	-0.825771
0.785082	-0.880218
0.800253	-0.923775
0.820480	-0.960073
0.833123	-0.981851
0.893805	-0.970962
0.916561	-0.905626
0.929204	-0.840290
0.946903	-0.745917
0.959545	-0.629764
0.967130	-0.546279
0.972187	-0.459165
0.979772	-0.343013
0.984829	-0.255898
0.989886	-0.201452
1.000000	0.001815

