-1.001260	0.001815
-0.958338	-0.045372
-0.925354	0.045372
-0.902359	0.234120
-0.884472	0.382940
-0.871637	0.535390
-0.848670	0.702359
-0.810844	0.622505
-0.800900	0.488203
-0.788450	0.335753
-0.783586	0.183303
-0.773679	0.019964
-0.766282	-0.128857
-0.758889	-0.281307
-0.746453	-0.444646
-0.736532	-0.597096
-0.703782	-0.691470
-0.683375	-0.549909
-0.665479	-0.393829
-0.655172	-0.241379
-0.637285	-0.092559
-0.611831	0.041742
-0.538612	-0.041742
-0.445041	-0.027223
-0.323662	-0.016334
-0.202282	-0.005445
-0.111258	-0.005445
-2.29441e-06	-0.001815
0.118844	0.005445
0.219986	0.009074
0.333775	0.016334
0.442512	0.027223
0.531040	0.052632
0.601703	-0.052632
0.621991	-0.005445
0.642370	0.114338
0.660303	0.299456
0.673133	0.448276
0.685950	0.586207
0.726552	0.702359
0.741553	0.568058
0.751487	0.426497
0.761404	0.270417
0.771311	0.107078
0.778699	-0.049002
0.783563	-0.201452
0.793484	-0.353902
0.803396	-0.513612
0.820880	-0.684211
0.856310	-0.658802
0.874202	-0.506352
0.889561	-0.357532
0.904933	-0.197822
0.927887	-0.041742
0.968456	0.049002
1.001270	0.001815

