-1.000000	-0.001815
-0.969697	-0.056261
-0.941919	-0.147005
-0.919192	-0.223230
-0.898990	-0.259528
-0.876263	-0.186933
-0.858586	-0.038113
-0.843434	0.154265
-0.835859	0.284936
-0.828283	0.422868
-0.820707	0.535390
-0.808081	0.720508
-0.800505	0.829401
-0.790404	0.931034
-0.755051	0.931034
-0.744949	0.814882
-0.734848	0.651543
-0.724747	0.488203
-0.714646	0.361162
-0.709596	0.230490
-0.702020	0.147005
-0.696970	0.038113
-0.686869	-0.107078
-0.674242	-0.208711
-0.636364	-0.252269
-0.616162	-0.154265
-0.601010	-0.067151
-0.580808	0.001815
-0.535354	0.038113
-0.482323	-0.001815
-0.411616	-0.001815
-0.340909	0.001815
-0.262626	0.001815
-0.148990	0.001815
-0.042929	0.001815
0.058081	0.001815
0.171717	0.001815
0.292929	0.001815
0.497475	-0.005445
0.545455	-0.045372
0.590909	0.038113
0.608586	0.107078
0.623737	0.197822
0.638889	0.259528
0.671717	0.241379
0.684343	0.139746
0.694444	0.019964
0.702020	-0.088929
0.709596	-0.215971
0.719697	-0.361162
0.729798	-0.535390
0.739899	-0.687840
0.750000	-0.833031
0.757576	-0.931034
0.787879	-0.952813
0.797980	-0.858439
0.805556	-0.764065
0.818182	-0.593466
0.828283	-0.437387
0.835859	-0.317604
0.843434	-0.194192
0.858586	0.016334
0.866162	0.088929
0.876263	0.190563
0.893939	0.255898
0.934343	0.179673
0.959596	0.081670
1.002530	0.001815

