-1.000000	-0.000907
-0.967172	-0.008167
-0.929396	-0.038113
-0.894182	-0.074410
-0.858972	-0.111615
-0.826285	-0.147913
-0.791071	-0.184211
-0.748271	-0.220508
-0.702947	-0.257713
-0.652552	-0.292196
-0.599620	-0.324864
-0.539098	-0.356624
-0.468458	-0.387477
-0.392742	-0.414701
-0.304375	-0.440109
-0.215971	-0.458258
-0.114897	-0.470962
-0.008726	-0.475499
0.102549	-0.470962
0.206275	-0.459165
0.302452	-0.440109
0.386015	-0.415608
0.462006	-0.388385
0.532954	-0.358439
0.593797	-0.326679
0.649588	-0.294011
0.702869	-0.257713
0.746031	-0.222323
0.786665	-0.186933
0.824785	-0.148820
0.857829	-0.114338
0.895957	-0.074410
0.931535	-0.039020
0.967080	-0.009982
1.000000	0.000000

