-0.997475	0.000000
-0.954545	-0.009982
-0.914141	-0.016334
-0.845960	-0.017241
-0.775253	-0.020871
-0.694444	-0.029038
-0.608586	-0.035390
-0.510101	-0.042650
-0.406566	-0.047187
-0.295455	-0.050817
-0.191919	-0.053539
-0.075758	-0.054447
0.045455	-0.055354
0.146465	-0.054447
0.224747	-0.052632
0.313131	-0.050817
0.396465	-0.047187
0.477273	-0.043557
0.547980	-0.039927
0.608586	-0.035390
0.681818	-0.029038
0.737374	-0.023594
0.792929	-0.019056
0.843434	-0.017241
0.901515	-0.017241
0.944444	-0.010889
0.997475	0.000000

