-1.000000	0.000000
-0.969697	-0.000598
-0.926768	-0.001877
-0.873737	-0.003265
-0.830808	-0.004980
-0.808081	-0.006368
-0.785354	-0.007865
-0.762626	-0.009334
-0.747475	-0.010369
-0.722222	-0.011512
-0.686869	-0.012219
-0.618687	-0.011919
-0.550505	-0.011645
-0.446970	-0.011263
-0.353535	-0.010853
-0.219697	-0.010361
-0.106061	-0.010088
0.045455	-0.010031
0.204545	-0.010301
0.318182	-0.010681
0.424242	-0.011142
0.540404	-0.011603
0.606061	-0.011820
0.661616	-0.012201
0.714646	-0.011792
0.750000	-0.010294
0.762626	-0.009531
0.780303	-0.008252
0.803030	-0.006754
0.815657	-0.005828
0.833333	-0.004848
0.853535	-0.003868
0.886364	-0.002887
0.914141	-0.002179
0.936869	-0.001580
0.967172	-0.000708
1.000000	0.000000

