-1.000000	0.000726
-0.931732	-0.000726
-0.901391	-0.067514
-0.883692	-0.132849
-0.871049	-0.192377
-0.858407	-0.251906
-0.843236	-0.312886
-0.807838	-0.324501
-0.790139	-0.247550
-0.782554	-0.195281
-0.772440	-0.128494
-0.764855	-0.067514
-0.754741	-0.010889
-0.749684	0.054447
-0.739570	0.119782
-0.729456	0.179310
-0.711757	0.235935
-0.671302	0.192377
-0.656131	0.132849
-0.638432	0.064610
-0.620733	0.019601
-0.562579	-0.002178
-0.534766	0.015245
-0.466498	0.016697
-0.355247	0.009437
-0.233881	0.005082
-0.125158	0.003630
0.001264	-0.000726
0.104930	-0.002178
0.213654	-0.005082
0.322377	-0.007985
0.420986	-0.010889
0.512010	-0.021053
0.542351	-0.009437
0.603034	0.009437
0.630847	-0.042831
0.638432	-0.063158
0.651075	-0.109619
0.668774	-0.173503
0.686473	-0.227223
0.721871	-0.208348
0.739570	-0.134301
0.747155	-0.071869
0.754741	-0.009437
0.762326	0.054447
0.772440	0.115426
0.780025	0.174955
0.790139	0.237387
0.802781	0.305626
0.830594	0.341924
0.853350	0.278040
0.871049	0.212704
0.883692	0.151724
0.898862	0.092196
0.916561	0.031216
0.964602	-0.009437
1.000000	0.000726

